duree = 0.058462 secondes
alpha = 0.770000
n iter in relax = 5
duree = 0.058468 secondes
alpha = 0.770000
n iter in relax = 6
duree = 0.058393 secondes
alpha = 0.745000
n iter in relax = 7
duree = 0.059692 secondes
alpha = 0.795000
n iter in relax = 8
